0.0 0.45043415340236687 0.539816602368421 0.06874095502958583 0.09523809526315791
0.0 0.10021707670857989 0.5571911197368421 0.15557163534023669 0.12998712999999998
0.0 0.44464544142011836 0.5436776061842105 0.1816208393491124 0.15701415710526312
0.0 0.8332127352071006 0.5314510939473683 0.19753979733727803 0.15572715578947366
0.0 0.11034732271449704 0.5591216215789474 0.17149059332840239 0.13642213631578948
0.0 0.7615774240384616 0.517294079868421 0.19898697529585802 0.18918918921052635
0.0 0.35021707670118346 0.562339124868421 0.20115774245562135 0.1737451739473684
0.0 0.06295224312869822 0.5764961389473685 0.12590448625739645 0.15830115842105258
0.0 0.3267004341715976 0.5507561131578947 0.054269175147928984 0.10424710421052631
0.0 0.2196092619822485 0.5513996138157894 0.09479015917159765 0.10296010289473685
0.0 0.7959479016272191 0.5314510939473683 0.18958031834319533 0.15315315315789477
0.0 0.30933429815088764 0.5629826255263158 0.17583212736686393 0.12355212368421058
0.0 0.027134587551775148 0.5655566280263158 0.054269175103550296 0.10296010289473685
0.0 0.11685962369822485 0.5507561132894737 0.09913169313609466 0.08622908605263163
0.0 0.9547756874260355 0.5166505790789474 0.09044862514792906 0.11068211078947367
0.0 0.6780028943786983 0.559765122368421 0.17655571627218938 0.127413127368421
0.0 0.30680173661242605 0.5749276061842105 0.17221418239644973 0.1242760618421053
0.0 0.056078147610946746 0.572635135131579 0.11215629522189349 0.10424710447368427
0.0 0.8368306801775147 0.5462516088157895 0.20188133136094677 0.12355212342105262
0.0 0.5043415339497042 0.5816441442105262 0.19247467440828403 0.12483912473684217
0.0 0.18451519535502958 0.5855051480263157 0.18379160633136096 0.11196911184210524
0.0 0.8361070911982249 0.5333815957894738 0.14978292322485195 0.13899613894736837
0.0 0.5629522431213018 0.5610521235526316 0.1461649782544379 0.10939510921052634
0.0 0.2785817655325444 0.5707046332894736 0.14905933431952662 0.10296010289473685
0.0 0.05499276411242603 0.572635135131579 0.10998552822485207 0.09652509657894737
0.0 0.8498552822485208 0.5314510939473683 0.14833574526627222 0.09137709157894734
0.0 0.9576700434171597 0.5269465894736842 0.08465991316568047 0.09781209789473683
0.0 0.6852387843934912 0.5520431144736843 0.15629522440828403 0.08365508368421053
0.0 0.49493487699704136 0.5539736165789474 0.14327062233727805 0.09523809526315791
0.0 0.3057163531065089 0.5604086228947369 0.14833574526627222 0.09009008999999993
0.0 0.14833574532544377 0.564913127368421 0.1345875543195266 0.10424710421052631
0.0 0.03726483357248521 0.5578346203947369 0.07452966714497042 0.08236808236842107
0.0 0.9750361794378698 0.5166505792105264 0.049927641124260305 0.09266409263157892
0.0 0.7112879884615384 0.5179375803947368 0.12011577426035508 0.10553410552631576
0.0 0.9214905933431952 0.5205115830263158 0.0817655571005917 0.09266409289473687
0.0 0.8332127352071007 0.5153635778947367 0.08321273520710057 0.10038610052631573
0.0 0.5640376266272189 0.5288770914473684 0.13965267721893487 0.11969111973684214
0.0 0.38965267729289943 0.5391731015789473 0.15991316937869823 0.10682110684210522
0.0 0.9128075253698223 0.4999195625 0.07308248920118329 0.10810810815789475
0.0 0.21997105644230772 0.5494691119736842 0.16353111433431955 0.11711711710526315
0.0 0.8274240231508876 0.49863256118421057 0.06439942115384609 0.082368082368421
0.0 0.9739507959319527 0.5153635778947369 0.05209840813609473 0.14157014157894737
0.0 0.07127351664201184 0.550112612631579 0.12518089724852072 0.1184041184210526
0.0 0.7409551374260355 0.4992760618421052 0.053545586094674476 0.07850707842105262
0.0 0.8654124457100593 0.5172940797368422 0.08683068017751473 0.1325611326315789
0.0 0.6635311143491125 0.4973455598684211 0.04920405207100596 0.0643500644736842
0.0 0.7333574529585799 0.5237290861842105 0.06729377721893486 0.13770913763157894
0.0 0.6255426917899409 0.5230855856578948 0.07163531109467451 0.10296010289473685
0.0 0.9345151953402367 0.5172940797368422 0.13096960931952661 0.1274131273684211
0.0 0.5343704775887574 0.5237290861842105 0.0803183791420118 0.07335907342105268
0.0 0.8531114326923077 0.5571911197368421 0.26917510857988164 0.1274131273684211
0.0 0.44681620843195263 0.5282335907894737 0.05716353106508873 0.08751608736842102
0.0 0.6136034732248521 0.5848616473684211 0.2590448624260355 0.1492921494736842
0.0 0.370839363239645 0.5263030888157895 0.06295224304733732 0.06821106815789477
0.0 0.3057163531065089 0.5250160875 0.04269175118343192 0.05019305026315791
0.0 0.36649782928994085 0.6015926640789473 0.23516642544378696 0.12870012868421052
0.0 0.695730824852071 0.5475386099999999 0.2481910275147929 0.11840411842105268
0.0 0.74167872647929 0.5578346203947369 0.253256150591716 0.22393822394736845
0.0 0.15340086829881658 0.6015926640789473 0.22575976843195267 0.10810810815789468
0.0 0.26917510857988164 0.5662001286842105 0.12735166420118346 0.09652509631578948
0.0 0.4743125903846153 0.572635135131579 0.2481910275147929 0.18404118394736846
0.0 0.04486251809171597 0.6054536678947368 0.08972503618343194 0.12097812105263159
0.0 0.1269898697337278 0.5719916344736842 0.09189580313609466 0.12355212368421051
0.0 0.24819102749260355 0.5758526384210526 0.21418234442307696 0.21621621631578944
0.0 0.08502170769230769 0.5739221364473684 0.17004341538461537 0.16344916342105262
0.0 0.1881331403994083 0.5758526384210526 0.1374819103254438 0.14157014157894737
0.0 0.07995658468195267 0.5546171171052632 0.15123010134615383 0.13256113263157898
0.0 0.2456584659689349 0.6189671814473684 0.42474674380177513 0.36164736184210516
0.0 0.6776410998520711 0.5108590732894737 0.05716353106508873 0.07078507078947369
0.0 0.5050651230029586 0.5893661518421053 0.2764109986686391 0.19948519947368415
0.0 0.5075976845414202 0.5166505792105264 0.04703328505917162 0.09009009000000001
0.0 0.09623733720414201 0.5887226511842105 0.19247467440828403 0.1492921492105263
0.0 0.45043415340236687 0.510215572631579 0.03690303905325443 0.07207207210526315
0.0 0.9222141823224852 0.5466135778947367 0.1555716353550295 0.16658622894736838
0.0 0.39905933431952656 0.507641570131579 0.02821997100591715 0.048906048684210494
0.0 0.4410274964497041 0.5900096525 0.26845151952662716 0.1518661518421053
0.0 0.8104196816568047 0.5205115830263158 0.21418234437869815 0.12612612605263154
0.0 0.06041968161982248 0.5797136422368421 0.12083936323964496 0.13642213657894736
0.0 0.3513024602071006 0.5153635778947367 0.054269175147928984 0.07464607473684205
0.0 0.4627351664201183 0.5513996139473685 0.18162083934911244 0.15958815947368424
0.0 0.6834298118343195 0.5569095881578948 0.24384949349112423 0.18975225210526317
0.0 0.1620839362943787 0.5835746460526315 0.2112879883579882 0.14929214947368427
0.0 0.3089725035502959 0.5160070785526316 0.0578871201183432 0.06563706552631578
0.0 0.9388567293639054 0.5320945946052632 0.12228654127218941 0.1801801802631579
0.0 0.4851664255177515 0.5623391248684211 0.28292329955621304 0.20463320447368424
0.0 0.2597684515532544 0.5185810810526316 0.060781476183431965 0.06306306315789474
0.0 0.2156295224852071 0.5217985843421052 0.05354558609467454 0.07464607447368418
0.0 0.07380607815088758 0.5652750965789474 0.14761215630177515 0.13955920210526312
0.0 0.9547756874260355 0.49155405407894737 0.09044862514792906 0.14800514815789473
0.0 0.1769175108431953 0.5185810811842105 0.06295224310650888 0.045045045000000006
0.0 0.7112879884615384 0.5050675675 0.2387843704142012 0.22908622921052635
0.0 0.35347322714497037 0.5127895752631579 0.2250361794378698 0.18275418263157894
0.0 0.9099131693047338 0.5456081080263159 0.18017366139053256 0.16344916342105262
0.0 0.35383502167159764 0.5539736164473684 0.17076700428994085 0.13127413131578952
0.0 0.03835021707840237 0.5719916344736842 0.07670043415680473 0.1132561131578947
0.0 0.09189580316568047 0.5217985843421052 0.16642547029585797 0.16988416973684217
0.0 0.3853111432692307 0.5758526382894736 0.25542691760355024 0.1801801802631579
0.0 0.7210564399408285 0.5372425997368421 0.1613603473372781 0.1441441442105263
0.0 0.07742402316568048 0.5449646075 0.14327062230769233 0.11325611342105266
0.0 0.765557163535503 0.5681306305263158 0.24457308239644973 0.16473616473684208
0.0 0.9507959479289942 0.5131515443421053 0.09840810414201175 0.112532175
0.0 0.29269175103550293 0.5443211068421053 0.16570188136094674 0.1274131273684211
0.0 0.207308248897929 0.5764961390789474 0.22503617942307694 0.14543114552631575
0.0 0.669319826331361 0.5269465894736842 0.17800289437869832 0.13899613894736837
0.0 0.05101302460059171 0.5501126125 0.10202604920118342 0.10553410552631576
0.0 0.7102026049556214 0.6157496782894737 0.40303907381656806 0.2728442728947369
0.0 0.11975397973372783 0.6247586872368421 0.23950795946745565 0.22393822394736845
0.0 0.662083936316568 0.5211550836842105 0.1780028942307692 0.15830115842105266
0.0 0.9602026049556214 0.5044240669736842 0.07959479008875744 0.11969111973684206
0.0 0.27821997100591717 0.5494691119736842 0.16570188136094674 0.12483912500000004
0.0 0.04088277857988165 0.5513996139473685 0.0817655571597633 0.09781209789473683
0.0 0.6349493488165681 0.5308075932894737 0.17004341538461537 0.12870012868421052
0.0 0.9316208393491123 0.5057110681578947 0.1367583213017752 0.1119691121052632
0.0 0.2999276411242604 0.5526866151315789 0.1483357452662722 0.10296010289473685
0.0 0.06548480463017751 0.5539736164473684 0.13096960926035503 0.09781209763157894
0.0 0.8809696092455622 0.5436776061842105 0.23806078150887572 0.1698841697368421
0.0 0.40231548483727814 0.5880791506578947 0.2619392184911243 0.18404118394736838
0.0 0.06331403762573964 0.5842181467105263 0.1266280752514793 0.14285714289473683
0.0 0.6675108538461538 0.5539736164473684 0.1295224313609468 0.12612612605263154
0.0 0.4312590448224852 0.567487129868421 0.14037626627218938 0.11711711710526322
0.0 0.2174384949704142 0.5616956242105263 0.13675832130177515 0.13384813368421056
0.0 0.05390738060650887 0.5642696267105264 0.10781476121301774 0.10296010289473685
0.0 0.9442836468934911 0.5391731017105263 0.11143270621301779 0.1402831402631579
0.0 0.7644717800295858 0.539816602368421 0.1917510855029586 0.12355212368421051
0.0 0.518089725 0.5556225869736843 0.1866859624260354 0.11912805657894732
0.0 0.27930535458579886 0.5668436293421053 0.16931982633136095 0.12097812078947372
0.0 0.09008683069526627 0.5636261260526315 0.15123010133136094 0.10424710421052631
0.0 0.9359623733727812 0.5102155727631579 0.11360347337278116 0.11068211078947367
0.0 0.6997105643491124 0.5205115828947369 0.07380607810650885 0.09523809526315791
0.0 0.8118668596153846 0.5179375803947368 0.10564399408284025 0.10810810815789468
0.0 0.3809696093195266 0.5269465894736842 0.041244573076923065 0.05405405421052635
0.0 0.3292329957100592 0.5314510939473684 0.04486251804733728 0.057915057894736846
0.0 0.46056439948224853 0.5887226511842105 0.2337192474852071 0.15958815973684212
0.0 0.7485528219674557 0.5687741313157895 0.2698986974852071 0.16087516105263158
0.0 0.20224312593195268 0.5900096525 0.22503617949704144 0.1441441439473684
0.0 0.7800289434911243 0.5546171171052632 0.25615050650887566 0.17889317894736845
0.0 0.2069464544230769 0.5977316602631578 0.22286541245562128 0.18018018000000002
0.0 0.8918234443047337 0.5121460746052632 0.21635311139053248 0.1685971686842105
0.0 0.5206222865384614 0.5359555984210527 0.2206946455621302 0.16988416999999997
0.0 0.16642547033284025 0.5520431144736843 0.20839363241124262 0.15057915052631576
0.0 0.8201881331360947 0.5494691119736842 0.16280752544378704 0.12483912500000004
0.0 0.09008683070266271 0.5764961389473685 0.13096960930473375 0.10167310157894739
0.0 0.8892908827662723 0.5314510939473683 0.1664254702662722 0.14285714263157895
0.0 0.41063675835798813 0.5719916344736842 0.17583212736686388 0.11583011578947369
0.0 0.51736613602071 0.5629826255263158 0.1765557164201183 0.11068211052631587
0.0 0.17619392181952664 0.5790701415789473 0.15412445724852072 0.10167310157894732
0.0 0.7395079594674556 0.5707046331578948 0.23299565857988164 0.16473616473684213
0.0 0.17872648333579882 0.5867921493421053 0.21562952238165678 0.14285714289473683
0.0 0.6089001446745561 0.6382722007894737 0.44211287988165676 0.3462033463157895
0.0 0.09876989866863906 0.6189671814473684 0.1975397973372781 0.23294723289473684
0.0 0.3172937771449704 0.5687741311842105 0.17727930547337284 0.13770913763157894
0.0 0.04450072358727811 0.564913127368421 0.08900144717455621 0.10939510947368421
0.0 0.8277858176775148 0.5385296009210526 0.1620839362426036 0.13127413131578944
0.0 0.061143270621301773 0.5642696268421052 0.12228654124260355 0.12097812105263159
0.0 0.3831403762573965 0.5732786357894737 0.1888567294378698 0.11840411842105268
0.0 0.06403762662721893 0.5662001288157895 0.12807525325443786 0.1660231660526315
0.0 0.3628798841715976 0.5468951094736842 0.1772793053254438 0.15315315315789468
0.0 0.9059334298076922 0.5594835906578948 0.18813314038461543 0.16546010289473678
0.0 0.5065123009615384 0.5732786357894737 0.2706222865384615 0.18018017999999994
0.0 0.7981186685650887 0.5282335907894737 0.1968162084319526 0.14414414421052635
0.0 0.3400868306952663 0.5964446589473684 0.2547033285502958 0.15701415684210532
0.0 0.05752532561390533 0.5578346203947369 0.11505065122781066 0.11068211078947367
0.0 0.7655571635355028 0.5314510939473683 0.1664254702662722 0.11711711736842102
0.0 0.9240231548816568 0.5404601030263159 0.1519536902366864 0.1685971686842106
0.0 0.36541244571005915 0.5977316602631578 0.2561505065088758 0.15958815947368424
0.0 0.7333574529585799 0.5398166022368421 0.21780028934911239 0.1492921492105263
0.0 0.2894356005177515 0.5571911197368421 0.20839363239644973 0.12998712999999998
0.0 0.9547756874260355 0.539816602368421 0.09044862514792906 0.13899613894736837
0.0 0.4790159189349113 0.5919401544736842 0.25325615059171597 0.1377091378947368
0.0 0.041606367581360944 0.5623391247368421 0.08321273516272189 0.10424710421052631
0.0 0.05065123010355029 0.5810006435526316 0.10130246020710058 0.12612612605263163
0.0 0.41570188136094677 0.5546171171052632 0.14544138934911244 0.09137709157894743
0.0 0.8997829232988165 0.532738095263158 0.20043415340236678 0.1994851994736842
0.0 0.12662807521449704 0.5584781210526316 0.13314037619822483 0.08622908631578945
0.0 0.34298118668639055 0.5752091377631579 0.2677279304733728 0.20978120973684206
0.0 0.8798842257396449 0.5320945946052632 0.1707670044378698 0.10810810815789475
0.0 0.620115774260355 0.570061132631579 0.2547033284023669 0.17631917631578953
0.0 0.549204052071006 0.5466135778947369 0.156295224260355 0.10111003842105265
0.0 0.9001447178254438 0.5391731017105263 0.19971056434911244 0.21492921499999998
0.0 0.1378437048076923 0.5912966538157894 0.19319826346153848 0.15186615184210522
0.0 0.8256150506656804 0.5237290863157894 0.19681620843195277 0.1274131273684211
0.0 0.10926193923076924 0.5694176319736842 0.16642547035502958 0.12612612605263163
0.0 0.4345151954142012 0.5565476190789475 0.1946454414201183 0.13384813394736836
0.0 0.292691751035503 0.5964446589473684 0.2641099855029586 0.21364221368421052
0.0 0.5777858176775148 0.5430341055263158 0.22793053535502958 0.14543114526315787
0.0 0.20984081042159763 0.5642696268421052 0.179450072352071 0.1441441442105263
0.0 0.034370477566568046 0.5662001286842104 0.06874095513313609 0.08880308894736844
0.0 0.9359623733727812 0.5533301157894737 0.12518089733727802 0.14800514789473684
0.0 0.3751808972633136 0.607384169868421 0.27134587559171597 0.19176319184210527
0.0 0.8426193921597633 0.5217985843421054 0.13531114319526635 0.09009009026315788
0.0 0.9305354558431953 0.5234475547368421 0.13892908831360945 0.13714607473684212
0.0 0.9182344428254439 0.5179375803947368 0.16353111434911236 0.13642213657894742
0.0 0.5321997105029586 0.5494691119736842 0.21056439940828406 0.1402831402631579
0.0 0.14544138931952663 0.5662001286842105 0.1736613604142012 0.127413127368421
0.0 0.8769898697485207 0.5507561132894737 0.23878437056213023 0.20720720710526316
0.0 0.31765557167159764 0.5784266409210527 0.23733719245562127 0.17245817236842106
0.0 0.5625904485946746 0.5462516086842105 0.18306801730769232 0.14414414421052635
0.0 0.8932706222633136 0.5346685972368421 0.16425470340236686 0.12870012868421052
0.0 0.44536903039940834 0.5636261260526315 0.17293777144970415 0.12483912473684217
0.0 0.08068017367973374 0.5565476190789475 0.14544138932692308 0.10810810815789468
0.0 0.19175108539940827 0.5700611325 0.14616497831360944 0.12226512236842113
0.0 0.2753256150887574 0.5604086228947369 0.0817655571005917 0.10038610052631573
0.0 0.05752532561390532 0.5565476190789475 0.10347322720414201 0.07722007710526317
0.0 0.951519536908284 0.5069980694736842 0.08248914630177516 0.1068211068421053
0.0 0.7225036179733727 0.5243725868421053 0.1555716353550296 0.10296010315789472
0.0 0.7887120115384616 0.5488256113157894 0.1866859624260355 0.10810810789473688
0.0 0.6186685963017752 0.5468951093421053 0.19826338639053254 0.14800514815789473
0.0 0.20767004341715975 0.5610521235526316 0.15918958032544378 0.11196911184210524
0.0 0.9554992764053254 0.5147200771052631 0.08321273505917162 0.1068211068421053
0.0 0.4149782923076923 0.5694176319736842 0.1787264834319526 0.13127413131578944
0.0 0.5926193921597633 0.5546171171052632 0.14471780029585796 0.10939510947368421
0.0 0.8950795948224851 0.5333815959210526 0.17655571627218947 0.13642213657894736
0.0 0.7340810419378698 0.5436776061842105 0.1830680173076924 0.12612612605263163
0.0 0.30824891457100595 0.56748713 0.1794500723372781 0.11969111947368426
0.0 0.03943560057692308 0.5662001286842105 0.07887120115384616 0.09137709157894743
0.0 0.11070911722633137 0.5829311453947369 0.15484804631656804 0.09395109394736838
0.0 0.18740955136094675 0.5559041184210526 0.12445730822485207 0.1119691121052632
0.0 0.291968162056213 0.5672055984210527 0.1555716353550296 0.10223616473684213
0.0 0.556801736612426 0.5707046331578948 0.20477568742603547 0.14671814684210527
0.0 0.76736613602071 0.5365990990789473 0.1382054992603551 0.09652509657894737
0.0 0.07489146164940828 0.5668436293421053 0.1107091172337278 0.09009009026315797
0.0 0.2069464544156805 0.5797136422368421 0.16063675832840235 0.11068211078947367
0.0 0.47648335747041415 0.5649131275 0.1425470332840237 0.09395109394736846
0.0 0.9446454414201183 0.5314510939473683 0.11070911715976328 0.11969111947368419
0.0 0.21635311146449704 0.5745656369736842 0.13458755428994085 0.08494208499999999
0.0 0.02604920405325444 0.5784266409210527 0.05209840810650888 0.07464607447368418
0.0 0.6732995658284023 0.5472570785526316 0.19030390739644967 0.1358590734210526
0.0 0.9232995658284023 0.5494691119736842 0.15340086834319525 0.1583011581578947
0.0 0.047395079596893486 0.5584781210526316 0.0933429811908284 0.0810810810526316
0.0 0.3270622286242604 0.570061132631579 0.17945007233727814 0.10939510947368421
0.0 0.41099855281065095 0.6025981339473684 0.24312590443786986 0.13955920210526312
0.0 0.8057163531065089 0.5359555984210527 0.1570188133136096 0.10038610052631582
0.0 0.08031837915680473 0.5584781209210526 0.11287988423076922 0.09137709131578947
0.0 0.036179450073964496 0.580357142763158 0.07235890014792899 0.09395109394736846
0.0 0.5032561505177515 0.5513996138157894 0.1468885673076923 0.10810810815789468
0.0 0.9475397974112426 0.5192245817105263 0.10492040517751486 0.11068211078947367
0.0 0.22141823446745565 0.5616956242105263 0.13603473224852072 0.10296010315789472
0.0 0.6613603473372781 0.5417471042105263 0.17366136035502963 0.15830115842105266
0.0 0.9041244573224853 0.5314510939473683 0.19175108535502958 0.15315315315789477
0.0 0.8636034732248521 0.5205115828947369 0.20622286538461537 0.14157014157894737
0.0 0.4808248914940828 0.552686615263158 0.21345875547337279 0.13642213631578948
0.0 0.03943560057692308 0.550112612631579 0.07887120115384616 0.10038610052631582
0.0 0.3556439942307692 0.5835746460526315 0.2554269174556213 0.15701415684210523
0.0 0.6038350216715976 0.5414655727631579 0.14254703328402363 0.09853603605263161
0.0 0.1432706222633136 0.5526866151315789 0.17076700428994082 0.10553410552631576
0.0 0.8664978292159764 0.5147200772368421 0.1555716353550295 0.10424710447368427
0.0 0.4851664255177515 0.5481821106578948 0.16280752529585793 0.12483912499999997
0.0 0.9413892909023669 0.5481821106578948 0.11722141819526623 0.1454311455263158
0.0 0.14073806079881657 0.5526866152631579 0.13675832130177515 0.11583011578947369
0.0 0.4497105644230769 0.575209137631579 0.23806078150887572 0.15572715578947366
0.0 0.04305354558431953 0.5629826255263158 0.08610709116863906 0.11325611315789477
0.0 0.8560057886834319 0.5571911197368421 0.2619392184911243 0.15830115842105258
0.0 0.2612156295118343 0.58743565 0.21997105636094674 0.1441441442105263
0.0 0.06801736613535503 0.5591216217105264 0.11143270622041421 0.10810810815789475
0.0 0.30499276412721893 0.5559041184210526 0.1251808971893491 0.08622908631578952
0.0 0.8314037627218935 0.5681306305263158 0.2894356005917159 0.18790218789473684
0.0 0.3654124457840237 0.5736406048684211 0.1794500723372781 0.11912805657894739
0.0 0.8031837915680474 0.5288770914473684 0.17800289437869815 0.11969111973684214
0.0 0.05933429812130178 0.5623391248684211 0.11866859624260356 0.09395109394736838
0.0 0.6403762662721894 0.5674871300000001 0.26628075266272183 0.15572715578947366
0.0 0.8929088278106508 0.5153635778947369 0.16208393639053262 0.10296010315789472
0.0 0.5242402315088758 0.5443211068421053 0.18596237337278107 0.1119691121052632
0.0 0.11143270622041421 0.5887226511842105 0.2026049203994083 0.13127413131578944
0.0 0.16570188130177516 0.5629826253947369 0.1505065122485207 0.10810810815789475
0.0 0.6476121562869823 0.5449646075 0.18813314038461543 0.10296010289473685
0.0 0.8849493487426034 0.5411036036842105 0.23010130251479288 0.2110682110526316
0.0 0.9500723588757397 0.5082850707894737 0.09985528224852078 0.1068211068421053
0.0 0.3151230101331361 0.5790701415789473 0.24529667144970416 0.15057915052631576
0.0 0.8035455860946746 0.5616956242105263 0.2481910275147929 0.15444015421052634
0.0 0.03581765556952663 0.5672055984210527 0.07163531113905326 0.09338803105263159
0.0 0.2261215629215976 0.5887226513157895 0.22793053539940827 0.14157014157894737
0.0 0.7228654124260355 0.5320945946052632 0.19392185236686385 0.13899613921052634
0.0 0.07091172214497042 0.5707046332894736 0.1157742402366864 0.06177606184210529
0.0 0.22358900142751478 0.6015926640789473 0.24602026045857991 0.1492921492105264
0.0 0.5965991316568048 0.5777831402631579 0.17438494940828397 0.11454311473684212
0.0 0.31837916057692306 0.5623391248684211 0.18813314038461537 0.11454311447368423
0.0 0.05318379160502959 0.5674871300000001 0.10636758321005918 0.11454311473684212
0.0 0.25976845155325445 0.5784266409210526 0.15918958032544378 0.11583011605263156
0.0 0.041968162085798816 0.5764961389473685 0.08393632417159763 0.08108108105263154
0.0 0.14869753977071007 0.5877976189473684 0.21780028939349114 0.1577380952631579
0.0 0.7206946454142011 0.5488256113157894 0.2720694644970414 0.19305019315789473
0.0 0.4811866859467455 0.5662001286842105 0.167872648224852 0.127413127368421
0.0 0.9149782923076922 0.5372425997368421 0.16859623727810644 0.1081081078947368
0.0 0.10274963821005917 0.5777831402631579 0.14182344428994081 0.1068211068421053
0.0 0.9070188133136096 0.5385296010526316 0.185962373372781 0.19047619052631581
0.0 0.3455137481508876 0.5855051478947368 0.246743849556213 0.1994851994736842
0.0 0.72358900147929 0.5417471042105263 0.1953690304733727 0.11196911210526313
0.0 0.31222865414201184 0.5668436293421053 0.16570188136094677 0.11325611342105259
0.0 0.043415340088757394 0.5752091377631579 0.08683068017751479 0.09395109394736838
0.0 0.8820549927514792 0.5359555984210527 0.17800289437869832 0.1132561131578947
0.0 0.4725036179733727 0.5707046332894736 0.17510853831360945 0.10553410552631576
0.0 0.1204775687352071 0.5745656371052631 0.15557163531065088 0.09781209789473683
0.0 0.7937771346153846 0.5436776061842105 0.1519536902366863 0.11068211078947374
0.0 0.418596237352071 0.5758526384210526 0.15991316937869818 0.13642213631578953
0.0 0.10274963819526628 0.5636261260526315 0.1287988422485207 0.10939510947368429
0.0 0.17474674388313607 0.5662001286842105 0.14399421134615384 0.07335907315789472
0.0 0.8433429812130177 0.5456081080263158 0.3060781476331362 0.18404118394736838
0.0 0.18451519539201183 0.5835746461842105 0.28509406661242603 0.177606177631579
0.0 0.9196816208579882 0.5102155727631579 0.12301013017751482 0.08751608763157898
0.0 0.7858176555473372 0.5121460746052632 0.13314037618343183 0.09137709131578947
0.0 0.9562228654585798 0.49991956236842106 0.08465991316568047 0.09009009000000001
0.0 0.6219247467455622 0.5411036036842105 0.13820549940828397 0.09009009000000001
0.0 0.8259768451183432 0.5314510939473683 0.19464544142011836 0.09909909894736847
0.0 0.9403039073964496 0.5108590732894737 0.08610709112426039 0.09909909921052636
0.0 0.44247467440828403 0.5449646075 0.10202604911242609 0.08236808236842107
0.0 0.590448625147929 0.5494691119736842 0.18234442840236684 0.12226512236842105
0.0 0.8057163531065089 0.5295205919736843 0.12228654112426048 0.07979407973684208
0.0 0.9609261939349112 0.5153635778947367 0.07814761213017754 0.1132561131578947
0.0 0.27098408106508876 0.5552606177631578 0.09044862514792898 0.06949806973684211
0.0 0.33574529667159764 0.5610521235526316 0.1649782924556213 0.09652509657894737
0.0 0.6649782923816568 0.5327380951315789 0.1215629522189349 0.09395109394736838
0.0 0.8335745297337278 0.517294079868421 0.16931982633136095 0.12226512236842105
0.0 0.9384949349112425 0.517294079736842 0.09117221420118342 0.057915057894736846
0.0 0.03328509406434911 0.5636261261842105 0.05933429811390532 0.08880308868421055
0.0 0.3744573082840237 0.5584781210526316 0.1613603473372781 0.12483912473684208
0.0 0.6519536902366864 0.5411036035526315 0.14471780029585807 0.08494208499999999
0.0 0.8317655571005917 0.5275900901315789 0.18596237337278107 0.10167310184210519
0.0 0.9189580318047337 0.5160070784210526 0.10709117218934912 0.07850707842105262
0.0 0.1284370477514793 0.5655566280263158 0.16859623733727813 0.11068211078947367
0.0 0.5130246019970414 0.539816602368421 0.12590448624260359 0.09009009000000001
0.0 0.6154124457100592 0.539816602368421 0.1613603473372781 0.11583011578947369
0.0 0.797756874112426 0.5295205921052631 0.1410998553254439 0.09523809526315791
0.0 0.9562228653846154 0.5230855855263158 0.08755426923076924 0.10038610052631582
0.0 0.16280752534763313 0.5571911197368421 0.15918958036982248 0.10682110684210522
0.0 0.4840810419378698 0.5391731017105263 0.11866859630177508 0.0759330760526316
0.0 0.6255426917159763 0.5475386101315789 0.1816208393491125 0.10553410552631584
0.0 0.7717076700443787 0.5230855856578948 0.12228654127218924 0.08494208499999999
0.0 0.9308972503698225 0.5211550836842105 0.13820549926035494 0.1068211068421053
0.0 0.16859623734467455 0.5713481338157894 0.15484804631656804 0.09137709131578947
0.0 0.43777134593195266 0.5372425997368421 0.12156295221893486 0.10038610052631582
0.0 0.575615050591716 0.5623391247368421 0.15267727928994082 0.10424710421052631
0.0 0.7521707670118343 0.5263030886842105 0.1251808973372781 0.10682110684210522
0.0 0.045586107093195265 0.5681306306578947 0.09117221418639053 0.08236808236842107
0.0 0.268089725 0.5610521235526316 0.10347322721893494 0.08365508342105264
0.0 0.3697539797337278 0.5745656371052632 0.14037626627218938 0.10038610052631582
0.0 0.5958755426775147 0.542390605 0.12952243121301776 0.1184041184210526
0.0 0.03147612156065088 0.5623391248684211 0.06295224312130177 0.09909909921052636
0.0 0.08827785817307693 0.550112612631579 0.07380607815088758 0.09266409263157892
0.0 0.3198263386094674 0.5700611325 0.10853835029585801 0.07335907342105268
0.0 0.3824167872781065 0.5616956242105263 0.1816208393491125 0.10810810789473688
0.0 0.6056439942307692 0.5282335907894737 0.13314037633136094 0.10038610052631573
0.0 0.7742402315828402 0.5430341055263158 0.14761215636094674 0.10939510947368421
0.0 0.8994211288461538 0.5147200772368421 0.131693198224852 0.09652509657894737
0.0 0.18668596234467455 0.5704231017105263 0.13314037619822489 0.1009491634210526
0.0 0.1233719247189349 0.5526866151315789 0.09044862511834319 0.06177606184210529
0.0 0.4225759768491124 0.5417471042105264 0.1215629522189349 0.10424710421052631
0.0 0.056078147610946746 0.5642696267105264 0.11215629522189349 0.10038610026315793
0.0 0.2662807525147929 0.5520431146052631 0.11866859615384617 0.09909909921052629
0.0 0.12988422575443787 0.5552606177631578 0.1034732271893491 0.08236808236842107
0.0 0.03726483357248521 0.5520431146052631 0.07452966714497042 0.0733590734210526
0.0 0.13892908825443787 0.5636261261842105 0.1505065122485207 0.09909909921052636
0.0 0.361794500739645 0.5295205919736842 0.16497829230769226 0.11068211078947367
0.0 0.5206222865384614 0.5436776061842105 0.15846599142011836 0.12097812078947363
0.0 0.6682344428254438 0.5205115830263158 0.16714905931952662 0.12612612605263154
0.0 0.11577424022189348 0.5411036035526315 0.13169319825443787 0.10553410552631584
0.0 0.9294500724112427 0.5044240669736842 0.08465991316568047 0.07335907342105268
0.0 0.4153400868343195 0.5481821106578948 0.12445730828402367 0.08880308868421048
0.0 0.6863241678254438 0.5353120977631578 0.13820549926035502 0.09395109394736846
0.0 0.034008683069526625 0.5578346203947369 0.06801736613905325 0.08751608763157898
0.0 0.18379160640532546 0.5591216215789473 0.13024602032544377 0.10038610052631582
0.0 0.870115774260355 0.5121460746052632 0.1251808973372782 0.09652509657894737
0.0 0.5730824891272189 0.5333815959210526 0.12301013032544385 0.10810810815789475
0.0 0.26664254704142015 0.5507561132894737 0.13386396538461537 0.09395109394736838
0.0 0.043415340088757394 0.5513996139473684 0.08683068017751479 0.10038610052631582
0.0 0.8885672937869822 0.5237290861842105 0.16208393639053262 0.12483912500000004
0.0 0.4963820550295858 0.5520431146052631 0.16497829230769234 0.11454311447368423
0.0 0.1392908827810651 0.5559041182894737 0.15123010130177514 0.11711711710526315
0.0 0.31259044866863905 0.5591216217105264 0.12445730828402367 0.07979407973684216
0.0 0.4149782923076923 0.5983751607894736 0.2554269174556213 0.17889317894736845
0.0 0.6780028943786982 0.5359555985526315 0.10419681627218928 0.08236808236842107
0.0 0.9468162083579882 0.5069980694736842 0.10636758328402371 0.09137709157894734
0.0 0.10672937772928993 0.5636261261842105 0.12228654128698224 0.07335907342105268
0.0 0.5470332850591715 0.6060971685526316 0.25180897248520706 0.18918918921052635
0.0 0.7203328509615384 0.5256595881578948 0.12083936316568056 0.09523809526315791
0.0 0.2717076700443787 0.5507561132894737 0.09623733713017754 0.07078507078947369
0.0 0.4283646888313609 0.5462516088157894 0.12301013032544376 0.10296010289473685
0.0 0.6921128798816568 0.5816441440789474 0.25397973964497045 0.20720720710526316
0.0 0.9750361794378698 0.5037805661842105 0.049927641124260305 0.0592020592105263
0.0 0.10600578867603551 0.5591216215789473 0.09189580312130177 0.06692406684210524
0.0 0.19211287985946743 0.5559041184210526 0.10202604915680472 0.08622908631578952
0.0 0.832127351627219 0.5707046332894736 0.2561505065088758 0.177606177631579
0.0 0.19971056434911244 0.5507561132894737 0.10274963816568047 0.08622908605263163
0.0 0.8560057887573964 0.5037805663157895 0.14037626627218938 0.09266409263157892
0.0 0.3769898697485207 0.5559041184210526 0.09696092618343197 0.06821106842105265
0.0 0.034008683069526625 0.5623391248684211 0.06801736613905325 0.09395109394736838
0.0 0.5947901592455621 0.5449646075 0.1056439942307692 0.07464607447368425
0.0 0.9236613603550294 0.5559041184210526 0.1526772792899409 0.17117117105263155
0.0 0.0651230101331361 0.5520431144736843 0.09551374819526627 0.08108108105263154
0.0 0.6552098407544379 0.5243725868421053 0.14254703328402363 0.10038610052631582
0.0 0.3527496381656805 0.5604086230263158 0.14544138934911244 0.10553410552631584
0.0 0.8614327062130178 0.5378861003947368 0.19464544142011836 0.11969111973684206
0.0 0.03835021707840237 0.5629826255263158 0.07670043415680473 0.1184041184210526
0.0 0.9544138928994083 0.5372425997368421 0.09117221420118342 0.13384813368421047
0.0 0.36143270621301776 0.5674871300000001 0.18017366124260353 0.12998712999999998
0.0 0.4146164978550296 0.5912966538157894 0.27496382056213015 0.16216216236842104
0.0 0.5694645441568047 0.5552606177631579 0.15195369038461534 0.11583011605263156
0.0 0.12445730822485207 0.5707046331578948 0.15484804627218934 0.11068211052631578
0.0 0.7409551375 0.5520431146052631 0.16787264837278096 0.11454311447368423
0.0 0.3241678726331361 0.5790701415789473 0.1534008683431953 0.10939510947368421
0.0 0.03907380607988166 0.5687741313157895 0.07814761215976332 0.10167310157894739
0.0 0.16931982630177514 0.5552606177631578 0.13458755420118343 0.10038610026315786
0.0 0.49204052093195266 0.5456081081578947 0.16787264837278104 0.10424710421052631
0.0 0.8570911721893492 0.5205115830263157 0.15267727928994074 0.11583011605263156
0.0 0.47720694644970413 0.5739221363157895 0.27279305355029587 0.17631917631578944
0.0 0.043415340088757394 0.5745656371052631 0.08683068017751479 0.14671814684210527
0.0 0.919319826331361 0.5282335907894737 0.1613603473372781 0.11583011578947369
0.0 0.4337916063609467 0.5687741311842105 0.16859623727810658 0.11969111973684214
0.0 0.05209840810650888 0.5732786357894737 0.10419681621301775 0.10038610052631573
0.0 0.5426917511094674 0.557834620263158 0.180897250443787 0.13642213631578948
0.0 0.9384949349112425 0.5198680823684211 0.12301013017751482 0.12998712999999998
0.0 0.13712011579881656 0.5803571428947368 0.15701881337278106 0.12483912473684208
0.0 0.43234442832840236 0.5411036036842105 0.18017366139053254 0.11583011578947369
0.0 0.7474674384615385 0.5082850707894737 0.18234442840236692 0.127413127368421
0.0 0.13929088275887574 0.5642696268421052 0.15846599128698224 0.1184041184210526
0.0 0.5137481910502958 0.5520431146052631 0.17945007233727814 0.11711711710526315
0.0 0.8777134588017751 0.517294079868421 0.09696092618343201 0.0682110681578947
0.0 0.9330680173816568 0.5018500643421052 0.13386396523668642 0.11196911184210524
0.0 0.7279305355029586 0.5295205919736842 0.19826338639053262 0.12612612605263154
0.0 0.943921852366864 0.49991956236842106 0.11215629526627215 0.10038610052631582
0.0 0.4460926193786982 0.5385296010526316 0.1787264834319526 0.12097812105263159
0.0 0.7807525325443787 0.5243725868421053 0.14037626627218938 0.09009009000000001
0.0 0.09840810421597633 0.5620575932894737 0.13892908831360945 0.10368404131578944
0.0 0.20658465989644972 0.5591216217105264 0.1642547032840237 0.10810810815789475
0.0 0.28762662810650885 0.5481821106578948 0.1034732272189349 0.06821106815789477
0.0 0.5600578871301775 0.5456081081578947 0.14182344437869823 0.08622908631578945
0.0 0.8976121562869823 0.5385296010526316 0.16570188121301785 0.09523809526315791
0.0 0.0452243125887574 0.5655566280263158 0.0904486251775148 0.10810810815789475
0.0 0.11215629523668638 0.5571911197368421 0.10709117224852072 0.08365508368421053
0.0 0.3324891461538461 0.5584781210526316 0.13675832130177515 0.0810810810526316
0.0 0.6685962372781066 0.5543355856578948 0.17366136035502963 0.11912805657894739
0.0 0.8556439942307694 0.5121460746052632 0.15701881331360942 0.09652509657894737
0.0 0.9772069464497041 0.5230855855263158 0.04558610710059179 0.10038610052631582
0.0 0.1530390737795858 0.5655566280263158 0.1179450071745562 0.07979407973684208
0.0 0.3994211287721893 0.5687741313157895 0.1664254702662722 0.1119691121052632
0.0 0.668596237352071 0.5305260617105263 0.15629522440828403 0.11526705289473682
0.0 0.837916063683432 0.5391731017105263 0.1649782924556212 0.10167310184210528
0.0 0.9359623733727812 0.5044240669736842 0.10347322721893477 0.11196911184210531
0.0 0.028219971057692306 0.559765122236842 0.05643994211538461 0.06821106815789477
0.0 0.1660636758357988 0.5629826253947369 0.1599131693343195 0.08494208499999999
0.0 0.4612879884615385 0.5456081081578947 0.1454413893491124 0.08622908631578945
0.0 0.6060057887573964 0.5559041184210526 0.1772793053254438 0.11454311473684212
0.0 0.7557887119822485 0.5217985842105263 0.1367583213017752 0.11583011578947361
0.0 0.13277858178254437 0.5623391247368421 0.15267727933431954 0.1068211068421053
0.0 0.31439942115384617 0.5417471042105263 0.13241678727810652 0.1068211068421053
0.0 0.034370477566568046 0.562339124868421 0.06874095513313609 0.10939510921052634
0.0 0.2630246019970414 0.5494691119736842 0.12952243121301776 0.09395109394736838
0.0 0.3578147611686391 0.5707046331578948 0.162807525295858 0.11325611315789477
0.0 0.5289435600591715 0.5295205919736842 0.14616497840236684 0.10810810815789475
0.0 0.14146164978550296 0.5507561132894737 0.11794500723372782 0.10939510921052625
0.0 0.024240231545857985 0.5694176319736842 0.04848046309171597 0.082368082368421
0.0 0.027858176553254437 0.5411036036842105 0.055716353106508874 0.09009009000000001
0.0 0.9489869753698225 0.5192245817105263 0.10202604926035504 0.11068211078947367
0.0 0.6906657018491125 0.5378861003947368 0.1830680173076924 0.11969111973684206
0.0 0.8321273517011833 0.5288770914473685 0.10998552825443772 0.08880308868421055
0.0 0.3295947901627219 0.542390605 0.18740955133136095 0.11583011578947369
0.0 0.5857452966715976 0.5385296010526316 0.1468885673076923 0.07464607473684214
0.0 0.08248914618713019 0.5449646075 0.1461649783357988 0.12097812078947363
0.0 0.3400868306952663 0.5456081081578947 0.11432706227810656 0.0990990989473684
0.0 0.9529667149408283 0.5160070784210526 0.09406657011834324 0.08622908631578945
0.0 0.14109985528106506 0.5507561132894737 0.1143270622189349 0.08880308868421055
0.0 0.6986251808431954 0.5308075932894737 0.1671490593195267 0.11325611342105266
0.0 0.8458755427514794 0.5140765765789473 0.11143270621301779 0.08751608736842102
0.0 0.35094066568047333 0.5546171171052632 0.15629522426035503 0.0990990989473684
0.0 0.5933429811390533 0.5295205919736842 0.1302460202662722 0.10038610026315786
0.0 0.09659913170857988 0.5732786357894737 0.14254703332840235 0.09781209789473683
0.0 0.3505788712278107 0.5520431146052631 0.15557163535502963 0.08880308868421055
0.0 0.15376266279585799 0.5636261261842105 0.10926193920118346 0.09909909921052636
0.0 0.026410998550295856 0.5552606177631578 0.05282199710059171 0.07207207184210526
0.0 0.9218523878698225 0.5810006435526316 0.15629522426035508 0.177606177631579
0.0 0.562590448668639 0.6324806949999999 0.38422575976331363 0.2265122263157895
0.0 0.9337916063609467 0.564913127368421 0.13241678727810652 0.17631917631578944
0.0 0.13994169097633136 0.6149481193421052 0.2798833819526627 0.20881971447368422
0.0 0.6024052478550296 0.6220817121052632 0.3651603498520711 0.22308690000000006
0.0 0.15185724689349112 0.6177542098684211 0.30371449378698223 0.20207253868421057
0.0 0.7425345957840236 0.529023639868421 0.1842680261834319 0.10751295342105263
0.0 0.8998543335798816 0.5257852978947368 0.16970138372781055 0.11139896368421055
0.0 0.581937363387574 0.5413293393421053 0.17625637292899407 0.13212435236842107
0.0 0.41223597965976333 0.5536350388157895 0.15586307352071005 0.11528497394736847
0.0 0.12964311728550296 0.5614070596052632 0.13692643850591718 0.09196891184210525
0.0 0.04151493080621302 0.556225712368421 0.08302986161242604 0.08678756473684217
0.0 0.25855790236686393 0.5627023963157894 0.14857975236686388 0.11010362684210526
0.0 0.3408594319526627 0.5503966969736843 0.15003641656804734 0.09326424868421053
0.0 0.547341587795858 0.5795417746052631 0.22942461760355032 0.14119170973684209
0.0 0.1824471959393491 0.549101360131579 0.13474144214497044 0.09585492236842104
0.0 0.057902403495192316 0.5426246761842105 0.11289147851257396 0.09326424868421053
0.0 0.9730517116124261 0.5173656088157894 0.05389657677514795 0.07901554394736837
0.0 0.805535324112426 0.5199562823684211 0.1340131100591716 0.09196891210526312
0.0 0.5852148579881656 0.538090997368421 0.10852148579881653 0.0867875647368421
0.0 0.35251274585798814 0.549101360131579 0.11361981065088754 0.08290155447368425
0.0 0.1576839038535503 0.5639977331578947 0.10852148578402367 0.07901554421052633
0.0 0.0287691187204142 0.5659407384210526 0.0575382374408284 0.07512953368421052
0.0 0.07246904588757397 0.5788941061842106 0.14493809177514794 0.12176165815789472
0.0 0.10415149311464496 0.5652930698684211 0.1864530226464497 0.11787564763157891
0.0 0.08958485067825443 0.5568733807894737 0.15440640929437868 0.11398963736842106
0.0 0.08302986159763313 0.5393863342105264 0.1340131099408284 0.10751295315789475
0.0 0.9690458849112425 0.4862775259210526 0.06190823017751483 0.07124352342105258
0.0 0.07028404952588757 0.5529873703947368 0.11434814275295858 0.08290155447368416
0.0 0.06518572469674555 0.5594640544736842 0.095411507647929 0.08549222789473687
0.0 0.7392571012573964 0.540034002631579 0.16605972322485213 0.09585492210526317
0.0 0.3834668608727811 0.5614070594736842 0.13474144215976327 0.09974093263157897
0.0 0.054260742899408285 0.5529873705263159 0.07793153677514793 0.07253886
0.0 0.044792425347633134 0.5426246761842105 0.05462490894970415 0.0440414507894737
0.0 0.09941733432692308 0.5704744171052631 0.11726147128698225 0.06347150263157893
0.0 0.8987618354289941 0.5173656088157894 0.2024763291420118 0.17227979289473677
0.0 0.8255644573964498 0.48433452078947364 0.09978150029585796 0.08549222789473687
0.0 0.574289876183432 0.5160702719736843 0.12017479970414202 0.09196891184210532
0.0 0.3255644573964497 0.5186609455263158 0.09031318284023669 0.07642487052631573
0.0 0.13801893666420118 0.5406816709210526 0.08521485803254437 0.058290155526315786
0.0 0.9479242534763314 0.48692519421052627 0.1041514930473372 0.09844559578947368
0.0 0.02294246176331361 0.5374433289473685 0.038601602331360944 0.06217616578947364
0.0 0.7072104880177514 0.4985832253947369 0.12381646035502958 0.07253886026315788
0.0 0.41005098328402373 0.5173656088157894 0.11653313905325446 0.08419689131578954
0.0 0.7123088128698225 0.5095935880263158 0.13546977426035506 0.11528497394736847
0.0 0.31755280406804737 0.5316143134210526 0.1340131099112426 0.0867875647368421
0.0 0.16023306628698225 0.5361479922368421 0.10050983251479292 0.06735751289473686
0.0 0.04697742170118343 0.5367956606578947 0.09395484340236686 0.06606217605263157
0.0 0.329934450147929 0.5672360751315789 0.25200291331360947 0.15803108815789477
0.0 0.8026219956360947 0.5186609456578948 0.0975965039940829 0.08419689131578946
0.0 0.7083029861686392 0.5186609456578948 0.15950473417159772 0.11787564763157891
0.0 0.04406409322485207 0.5458630180263159 0.08812818644970415 0.09455958552631583
0.0 0.2971595047337278 0.5348526553947368 0.13838310266272189 0.10880829026315784
0.0 0.9122359795857988 0.5167179403947368 0.1755280408284023 0.13989637289473686
0.0 0.46686088853550295 0.549101360131579 0.17916970133136098 0.14507772026315788
0.0 0.9566642389053254 0.5134795985526316 0.08667152218934918 0.06865284973684214
0.0 0.09359067735207101 0.5503966968421052 0.1434814275443787 0.10362694315789478
0.0 0.6718863801775148 0.529023639868421 0.23233794615384626 0.1463730571052632
0.0 0.220684632204142 0.5568733807894737 0.19664967227810656 0.13989637315789474
0.0 0.36270939548816566 0.5549303756578948 0.09613983979289943 0.08160621763157895
0.0 0.833576110724852 0.5186609455263158 0.18281136198224862 0.12305699473684206
0.0 0.4854333576183431 0.5419770077631579 0.1682447196745562 0.11787564763157891
0.0 0.10269482880917159 0.5639977331578947 0.10779315362426037 0.0764248705263158
0.0 0.6897305170857988 0.5199562823684211 0.08448652588757403 0.07383419684210522
0.0 0.198834668602071 0.5549303756578948 0.1631463947485207 0.11010362710526314
0.0 0.7428987618343196 0.5497490285526315 0.19664967218934917 0.12823834184210528
0.0 0.15040058269970413 0.5659407384210526 0.11726147128698222 0.10103626947368419
0.0 0.477057538239645 0.5607593911842106 0.19082301523668638 0.14766839394736847
0.0 0.09431900948224851 0.5685314119736842 0.1522214129881657 0.1165803107894737
0.0 0.03131828113905325 0.5555780440789474 0.0626365622781065 0.07772020710526314
0.0 0.250546249112426 0.5743604275 0.17042971597633133 0.12305699500000002
0.0 0.43190094681952657 0.5542827072368421 0.14275309541420114 0.10103626921052632
0.0 0.9162418062869822 0.529023639868421 0.16751638742603558 0.117875647631579
0.0 0.6128914785502959 0.5484536917105264 0.15659140562130178 0.08937823815789472
0.0 0.029133284778106505 0.5633500647368421 0.05826656955621301 0.0854922278947368
0.0 0.5273124545118343 0.5529873703947369 0.29424617618343196 0.16839378236842104
0.0 0.7738528769230769 0.5270806346052631 0.15367807721893495 0.11917098447368421
0.0 0.25819373631656806 0.5594640544736842 0.14639475606508875 0.11139896368421048
0.0 0.934814275295858 0.5361479922368421 0.13037144940828405 0.1036269428947369
0.0 0.3845593590976331 0.5594640544736842 0.16314639482248525 0.10103626947368419
0.0 0.08302986161242604 0.5633500648684211 0.16605972322485207 0.14248704657894737
0.0 0.5695557174556214 0.5335573185526316 0.06700655502958576 0.08031088078947365
0.0 0.08630735615384616 0.5575210492105263 0.11726147124260355 0.10233160631578948
0.0 0.9664967224852071 0.5186609455263158 0.06700655502958584 0.08937823842105261
0.0 0.6638747268491124 0.545215349736842 0.18135469778106508 0.14507772
0.0 0.2858703568786982 0.5633500647368421 0.1682447196745562 0.11658031105263157
0.0 0.03641660596893491 0.5717697539473684 0.07283321193786982 0.09974093263157897
0.0 0.6409322650887574 0.5355003238157895 0.30589949023668633 0.24740932657894738
0.0 0.10487982522189349 0.5361479922368421 0.20975965044378697 0.18652849763157894
0.0 0.8168244719674558 0.5277283031578948 0.1915513474852071 0.1489637305263158
0.0 0.42170429711538465 0.5536350388157895 0.1879096868343195 0.1463730571052631
